Trial = 100
12.6704925252
[array([[[ 0.62573667]],

       [[ 0.49156642]],

       [[ 0.57682434]],

       [[ 0.57122753]],

       [[ 0.59254517]],

       [[ 0.59996188]],

       [[ 0.51732151]],

       [[ 0.62812675]],

       [[ 0.62169703]],

       [[ 0.6292495 ]],

       [[ 0.63091285]],

       [[ 0.63393389]],

       [[ 0.63578711]],

       [[ 0.63753679]],

       [[ 0.51137061]],

       [[ 0.6372728 ]],

       [[ 0.62478437]],

       [[ 0.63340461]],

       [[ 0.63369972]],

       [[ 0.63644277]],

       [[ 0.63775876]],

       [[ 0.63918687]],

       [[ 0.51111315]],

       [[ 0.63771571]]]), array([[[ 0.62573667]],

       [[ 0.50358802]],

       [[ 0.58152653]],

       [[ 0.51967071]],

       [[ 0.62409811]],

       [[ 0.51274305]],

       [[ 0.63055276]],

       [[ 0.51172118]],

       [[ 0.63050199]],

       [[ 0.51173318]],

       [[ 0.63037864]],

       [[ 0.511753  ]]]), array([[[ 0.59836912]],

       [[ 0.47348979]],

       [[ 0.51140592]],

       [[ 0.70443063]],

       [[ 0.50016172]],

       [[ 0.6403068 ]],

       [[ 0.62355513]],

       [[ 0.63380176]],

       [[ 0.5119077 ]],

       [[ 0.4954416 ]],

       [[ 0.50037729]],

       [[ 0.68774469]],

       [[ 0.50259589]],

       [[ 0.63635965]],

       [[ 0.62211668]],

       [[ 0.63195383]],

       [[ 0.51220134]],

       [[ 0.49528966]],

       [[ 0.50039303]],

       [[ 0.68769071]],

       [[ 0.50260388]],

       [[ 0.636353  ]],

       [[ 0.62211522]],

       [[ 0.63195114]]]), array([[[ 0.62573667]],

       [[ 0.50358802]],

       [[ 0.58152653]],

       [[ 0.59475781]],

       [[ 0.60371628]],

       [[ 0.61165479]],

       [[ 0.61776123]],

       [[ 0.51447571]],

       [[ 0.63211587]],

       [[ 0.62296562]],

       [[ 0.63102338]],

       [[ 0.63208639]],

       [[ 0.63499672]],

       [[ 0.51176368]],

       [[ 0.63650593]],

       [[ 0.6244944 ]],

       [[ 0.63304124]],

       [[ 0.63344955]]]), array([[[ 0.59836912]],

       [[ 0.72480728]],

       [[ 0.49702773]],

       [[ 0.50373162]],

       [[ 0.67874588]],

       [[ 0.50400927]],

       [[ 0.63542892]],

       [[ 0.51098084]],

       [[ 0.63009689]],

       [[ 0.51180158]],

       [[ 0.49492088]],

       [[ 0.66891054]],

       [[ 0.50545281]],

       [[ 0.6329806 ]],

       [[ 0.51136215]],

       [[ 0.6299599 ]],

       [[ 0.51182197]],

       [[ 0.49491316]],

       [[ 0.66892213]],

       [[ 0.50545099]],

       [[ 0.63298132]]])]
Trial = 200
0.621632633022
[array([[[ 0.86284168]],

       [[-0.02478858]],

       [[ 0.88769107]],

       [[-0.02739525]],

       [[ 0.88580371]],

       [[-0.0266095 ]],

       [[ 0.14236114]],

       [[ 0.88659066]],

       [[-0.03815313]],

       [[ 0.88463741]],

       [[-0.02600983]],

       [[ 0.88620421]],

       [[-0.02677683]],

       [[ 0.88599603]],

       [[ 0.95195794]],

       [[ 0.045213  ]],

       [[ 0.87569867]],

       [[-0.02718247]],

       [[ 0.88672852]],

       [[-0.02694127]],

       [[ 0.8859351 ]],

       [[-0.02666343]],

       [[ 0.14238171]],

       [[ 0.88658995]]]), array([[[ 0.86284168]],

       [[ 0.9561381 ]],

       [[ 0.04350112]],

       [[ 0.13776605]],

       [[ 0.88476996]],

       [[ 0.94203151]],

       [[ 0.05172585]],

       [[ 0.13698015]],

       [[ 0.88514266]],

       [[ 0.94249071]],

       [[ 0.05129078]],

       [[ 0.13701989]]]), array([[[ 0.14193853]],

       [[ 0.30374011]],

       [[ 0.23685014]],

       [[ 0.89487671]],

       [[ 0.94164406]],

       [[ 0.05349337]],

       [[ 0.87735049]],

       [[-0.02751925]],

       [[ 0.14193687]],

       [[ 0.19485569]],

       [[ 0.1954911 ]],

       [[ 0.89088205]],

       [[ 0.94334294]],

       [[ 0.05117472]],

       [[ 0.8769947 ]],

       [[-0.02742978]],

       [[ 0.14189285]],

       [[ 0.19469501]],

       [[ 0.19546112]],

       [[ 0.89087793]],

       [[ 0.94334285]],

       [[ 0.05117427]],

       [[ 0.87699473]],

       [[-0.02742976]]]), array([[[ 0.86284168]],

       [[ 0.9561381 ]],

       [[ 0.04350112]],

       [[ 0.87550336]],

       [[-0.02711372]],

       [[ 0.88674826]],

       [[-0.02695058]],

       [[ 0.14249967]],

       [[ 0.88658541]],

       [[-0.03819805]],

       [[ 0.88463218]],

       [[-0.02600719]],

       [[ 0.88620489]],

       [[ 0.95187488]],

       [[ 0.04525167]],

       [[ 0.87570586]],

       [[-0.02718409]],

       [[ 0.88672788]]]), array([[[ 0.14193853]],

       [[ 0.88109487]],

       [[ 0.93849959]],

       [[ 0.89701075]],

       [[ 0.18187355]],

       [[ 0.13059274]],

       [[ 0.88724419]],

       [[ 0.94658602]],

       [[ 0.04799451]],

       [[ 0.13731832]],

       [[ 0.25041222]],

       [[ 0.89254899]],

       [[ 0.9383104 ]],

       [[ 0.05726663]],

       [[ 0.13634877]],

       [[ 0.88530875]],

       [[ 0.94273436]],

       [[ 0.90503881]],

       [[ 0.15368176]],

       [[ 0.12974106]],

       [[ 0.88690863]]])]
Trial = 300
0.071228155404
[array([[[  9.78861444e-01]],

       [[ -9.17266081e-03]],

       [[  9.80131578e-01]],

       [[ -1.53100871e-03]],

       [[  9.80228122e-01]],

       [[ -8.19314905e-04]],

       [[ -2.59006647e-02]],

       [[  9.67063554e-01]],

       [[ -6.97141299e-02]],

       [[  9.79274029e-01]],

       [[ -7.62850141e-03]],

       [[  9.80147975e-01]],

       [[ -1.40992010e-03]],

       [[  9.80230171e-01]],

       [[  9.83569554e-01]],

       [[  4.85836115e-02]],

       [[  9.80635441e-01]],

       [[  2.41000965e-03]],

       [[  9.80283285e-01]],

       [[ -4.12704900e-04]],

       [[  9.80243261e-01]],

       [[ -7.07651221e-04]],

       [[ -2.58971019e-02]],

       [[  9.67061611e-01]]]), array([[[ 0.97886144]],

       [[ 0.98465018]],

       [[ 0.04790226]],

       [[-0.02395978]],

       [[ 0.9647139 ]],

       [[ 0.98002765]],

       [[ 0.02037075]],

       [[-0.0234108 ]],

       [[ 0.96438474]],

       [[ 0.97989044]],

       [[ 0.01994728]],

       [[-0.02339993]]]), array([[[ -1.89576826e-02]],

       [[  1.94942786e-01]],

       [[  1.14173017e-01]],

       [[  9.72583598e-01]],

       [[  9.80509809e-01]],

       [[  3.18571730e-02]],

       [[  9.80405930e-01]],

       [[  7.08315694e-04]],

       [[ -2.59173154e-02]],

       [[  5.16501815e-02]],

       [[  3.36268809e-02]],

       [[  9.70217711e-01]],

       [[  9.81207525e-01]],

       [[  2.82315294e-02]],

       [[  9.80374479e-01]],

       [[  4.62696840e-04]],

       [[ -2.59238673e-02]],

       [[  5.15920248e-02]],

       [[  3.35969517e-02]],

       [[  9.70216640e-01]],

       [[  9.81207709e-01]],

       [[  2.82299968e-02]],

       [[  9.80374465e-01]],

       [[  4.62586060e-04]]]), array([[[  9.78861444e-01]],

       [[  9.84650185e-01]],

       [[  4.79022641e-02]],

       [[  9.80656456e-01]],

       [[  2.54491368e-03]],

       [[  9.80284813e-01]],

       [[ -4.01270314e-04]],

       [[ -2.58858924e-02]],

       [[  9.67054189e-01]],

       [[ -6.97508972e-02]],

       [[  9.79273505e-01]],

       [[ -7.63211286e-03]],

       [[  9.80147928e-01]],

       [[  9.83555900e-01]],

       [[  4.83604450e-02]],

       [[  9.80632723e-01]],

       [[  2.38941862e-03]],

       [[  9.80283019e-01]]]), array([[[-0.01895768]],

       [[ 0.95778735]],

       [[ 0.97730887]],

       [[ 0.96311607]],

       [[ 0.08575725]],

       [[-0.0243031 ]],

       [[ 0.96567269]],

       [[ 0.98038891]],

       [[ 0.02164845]],

       [[-0.02344115]],

       [[ 0.09775352]],

       [[ 0.96941306]],

       [[ 0.97960511]],

       [[ 0.02690036]],

       [[-0.0234072 ]],

       [[ 0.96429352]],

       [[ 0.97985803]],

       [[ 0.96795938]],

       [[ 0.07309853]],

       [[-0.024114  ]],

       [[ 0.96484914]]])]
Trial = 400
0.0315678878453
[array([[[  9.86351810e-01]],

       [[ -1.26703208e-02]],

       [[  9.87487624e-01]],

       [[  1.79284735e-03]],

       [[  9.87517539e-01]],

       [[  2.07069647e-03]],

       [[ -2.54093420e-02]],

       [[  9.81686641e-01]],

       [[ -4.87955128e-02]],

       [[  9.87285048e-01]],

       [[ -9.99154197e-04]],

       [[  9.87510594e-01]],

       [[  1.99417385e-03]],

       [[  9.87519543e-01]],

       [[  9.87505688e-01]],

       [[  2.90323616e-02]],

       [[  9.87384650e-01]],

       [[  1.98628897e-06]],

       [[  9.87519953e-01]],

       [[  2.13323964e-03]],

       [[  9.87519771e-01]],

       [[  2.10240319e-03]],

       [[ -2.54034087e-02]],

       [[  9.81686282e-01]]]), array([[[  9.86351810e-01]],

       [[  9.88183717e-01]],

       [[  2.29907919e-02]],

       [[ -1.48202420e-02]],

       [[  9.80779166e-01]],

       [[  9.83901163e-01]],

       [[  2.50926441e-04]],

       [[ -1.36617223e-02]],

       [[  9.80566509e-01]],

       [[  9.83737056e-01]],

       [[ -2.76380122e-04]],

       [[ -1.36381992e-02]]]), array([[[ 0.01070517]],

       [[ 0.15475093]],

       [[ 0.06682998]],

       [[ 0.98345447]],

       [[ 0.98479725]],

       [[ 0.01030919]],

       [[ 0.98728128]],

       [[-0.00138147]],

       [[-0.02627126]],

       [[ 0.01442084]],

       [[-0.01333921]],

       [[ 0.98265057]],

       [[ 0.98521114]],

       [[ 0.00587723]],

       [[ 0.98727741]],

       [[-0.00142968]],

       [[-0.02626546]],

       [[ 0.01444456]],

       [[-0.01332995]],

       [[ 0.98265073]],

       [[ 0.98521114]],

       [[ 0.00587794]],

       [[ 0.98727741]],

       [[-0.00142966]]]), array([[[  9.86351810e-01]],

       [[  9.88183717e-01]],

       [[  2.29907919e-02]],

       [[  9.87393669e-01]],

       [[  1.33144749e-04]],

       [[  9.87519761e-01]],

       [[  2.12830652e-03]],

       [[ -2.53804408e-02]],

       [[  9.81684329e-01]],

       [[ -4.88088375e-02]],

       [[  9.87284967e-01]],

       [[ -1.00028225e-03]],

       [[  9.87510591e-01]],

       [[  9.87498241e-01]],

       [[  2.89686838e-02]],

       [[  9.87384280e-01]],

       [[ -2.99882202e-06]],

       [[  9.87519940e-01]]]), array([[[  1.07051704e-02]],

       [[  9.77424784e-01]],

       [[  9.81291610e-01]],

       [[  9.69829457e-01]],

       [[  5.93227840e-02]],

       [[ -1.49149721e-02]],

       [[  9.80981941e-01]],

       [[  9.84049247e-01]],

       [[  7.86304572e-04]],

       [[ -1.36799055e-02]],

       [[  5.54782124e-02]],

       [[  9.82187876e-01]],

       [[  9.84023288e-01]],

       [[  6.01392558e-03]],

       [[ -1.31367145e-02]],

       [[  9.80537085e-01]],

       [[  9.83713175e-01]],

       [[  9.74311186e-01]],

       [[  4.77196717e-02]],

       [[ -1.22204593e-02]],

       [[  9.80628234e-01]]])]
Trial = 500
0.019768993516
[array([[[  9.89811222e-01]],

       [[ -1.12449210e-02]],

       [[  9.90556575e-01]],

       [[  1.87163382e-03]],

       [[  9.90555406e-01]],

       [[  1.77323028e-03]],

       [[ -2.02015615e-02]],

       [[  9.86902269e-01]],

       [[ -3.32322060e-02]],

       [[  9.90469536e-01]],

       [[  1.69303609e-04]],

       [[  9.90555659e-01]],

       [[  1.78696518e-03]],

       [[  9.90555927e-01]],

       [[  9.89347031e-01]],

       [[  1.85644004e-02]],

       [[  9.90420474e-01]],

       [[ -9.01828401e-04]],

       [[  9.90557556e-01]],

       [[  1.83208585e-03]],

       [[  9.90555856e-01]],

       [[  1.78278479e-03]],

       [[ -2.01989019e-02]],

       [[  9.86902181e-01]]]), array([[[ 0.98981122]],

       [[ 0.98968833]],

       [[ 0.01173617]],

       [[-0.00945668]],

       [[ 0.98642668]],

       [[ 0.98566403]],

       [[-0.0023022 ]],

       [[-0.00770086]],

       [[ 0.98629768]],

       [[ 0.9855247 ]],

       [[-0.00261294]],

       [[-0.00768364]]]), array([[[ 0.02021736]],

       [[ 0.12630857]],

       [[ 0.03592243]],

       [[ 0.98809092]],

       [[ 0.98683461]],

       [[ 0.00524186]],

       [[ 0.99037746]],

       [[-0.0016949 ]],

       [[-0.02108282]],

       [[ 0.00863571]],

       [[-0.03395035]],

       [[ 0.98780568]],

       [[ 0.98711944]],

       [[ 0.00193864]],

       [[ 0.99037997]],

       [[-0.00164744]],

       [[-0.02106599]],

       [[ 0.00867149]],

       [[-0.03393256]],

       [[ 0.98780579]],

       [[ 0.98711941]],

       [[ 0.00193961]],

       [[ 0.99037997]],

       [[-0.00164744]]]), array([[[  9.89811222e-01]],

       [[  9.89688326e-01]],

       [[  1.17361659e-02]],

       [[  9.90428963e-01]],

       [[ -7.38690943e-04]],

       [[  9.90557364e-01]],

       [[  1.82721684e-03]],

       [[ -2.01794341e-02]],

       [[  9.86901457e-01]],

       [[ -3.32369748e-02]],

       [[  9.90469517e-01]],

       [[  1.68934724e-04]],

       [[  9.90555659e-01]],

       [[  9.89343987e-01]],

       [[  1.85620614e-02]],

       [[  9.90420401e-01]],

       [[ -9.03179397e-04]],

       [[  9.90557556e-01]]]), array([[[ 0.02021736]],

       [[ 0.98455608]],

       [[ 0.98365204]],

       [[ 0.97386999]],

       [[ 0.04789261]],

       [[-0.01044424]],

       [[ 0.98659387]],

       [[ 0.98584005]],

       [[-0.00186227]],

       [[-0.0077213 ]],

       [[ 0.04192822]],

       [[ 0.98728969]],

       [[ 0.98597221]],

       [[ 0.00260944]],

       [[-0.00715279]],

       [[ 0.98628406]],

       [[ 0.98550956]],

       [[ 0.97728639]],

       [[ 0.03781263]],

       [[-0.00731486]],

       [[ 0.98640082]]])]
TESTING INPUT NAO
[array([[1],
       [1],
       [0]]), array([[1],
       [1],
       [1],
       [0]]), array([[1],
       [1],
       [1],
       [0],
       [0],
       [1],
       [1],
       [0],
       [1],
       [0],
       [0],
       [1],
       [1],
       [1],
       [1],
       [0],
       [0],
       [1],
       [0],
       [1],
       [1],
       [1],
       [0]])]
[array([[[ 0.98981122]],

       [[ 0.98968833]],

       [[ 0.01173617]]]), array([[[ 0.98981122]],

       [[ 0.98968833]],

       [[ 0.98479679]],

       [[ 0.03019104]]]), array([[[ 0.98981122]],

       [[ 0.98968833]],

       [[ 0.98479679]],

       [[ 0.03019104]],

       [[-0.00380879]],

       [[ 0.98618893]],

       [[ 0.98540513]],

       [[-0.00285482]],

       [[ 0.99036294]],

       [[-0.00196085]],

       [[-0.021134  ]],

       [[ 0.98693151]],

       [[ 0.98621766]],

       [[ 0.97857438]],

       [[ 0.965572  ]],

       [[ 0.11742626]],

       [[-0.01981344]],

       [[ 0.98729783]],

       [[-0.03059447]],

       [[ 0.99047838]],

       [[ 0.98935518]],

       [[ 0.98407705]],

       [[ 0.03451886]]])]
0.0114781124698
         5830663 function calls (5829456 primitive calls) in 12.543 seconds

   Ordered by: internal time

   ncalls  tottime  percall  cumtime  percall filename:lineno(function)
   447600    2.151    0.000    2.151    0.000 activations.py:25(val)
   445500    1.927    0.000    3.357    0.000 numeric.py:998(outer)
    49500    1.517    0.000    4.392    0.000 lstm.py:249(backward)
   895725    1.380    0.000    1.380    0.000 {method 'dot' of 'numpy.ndarray' objects}
     2500    0.972    0.000    8.759    0.004 lstm.py:291(gradient)
    50025    0.864    0.000    2.960    0.000 lstm.py:215(forward)
   896209    0.578    0.000    0.578    0.000 {numpy.core.multiarray.array}
   198000    0.577    0.000    1.518    0.000 activations.py:28(deriv)
   891031    0.459    0.000    0.459    0.000 {method 'ravel' of 'numpy.ndarray' objects}
   891031    0.439    0.000    0.971    0.000 numeric.py:394(asarray)
      500    0.347    0.001   12.293    0.025 lstm.py:66(gradient)
    99000    0.273    0.000    0.379    0.000 activations.py:45(deriv)
   248550    0.262    0.000    0.262    0.000 activations.py:42(val)
   399150    0.217    0.000    1.584    0.000 activations.py:17(__call__)
     2528    0.135    0.000    3.113    0.001 lstm.py:203(forward_across_time)
        1    0.049    0.049   12.578   12.578 lstm.py:1(<module>)
   102042    0.047    0.000    0.047    0.000 {built-in method __new__ of type object at 0x1019de528}
     2500    0.037    0.000    0.048    0.000 lstm.py:100(output_backprop_error)
    39574    0.034    0.000    0.034    0.000 {numpy.core.multiarray.zeros}
    49501    0.034    0.000    0.055    0.000 <string>:8(__new__)
        3    0.029    0.010    0.209    0.070 __init__.py:1(<module>)
        1    0.028    0.028    0.034    0.034 numeric.py:1(<module>)
    18338    0.017    0.000    0.017    0.000 {range}
    51971    0.013    0.000    0.013    0.000 {method 'append' of 'list' objects}
        1    0.009    0.009    0.163    0.163 __init__.py:106(<module>)
        1    0.009    0.009    0.010    0.010 __init__.py:88(<module>)
     2565    0.008    0.000    0.008    0.000 {method 'reshape' of 'numpy.ndarray' objects}
        1    0.007    0.007    0.010    0.010 __init__.py:15(<module>)
        2    0.006    0.003    0.017    0.009 __init__.py:45(<module>)
      500    0.005    0.000    0.005    0.000 lstm.py:372(update_layer_weights)
  1111/31    0.005    0.000    0.019    0.001 arrayprint.py:465(_formatArray)
      525    0.005    0.000    0.011    0.000 arrayprint.py:598(__call__)
        1    0.004    0.004    0.004    0.004 hashlib.py:55(<module>)
        1    0.004    0.004    0.016    0.016 utils.py:4(<module>)
17812/17790    0.004    0.000    0.004    0.000 {len}
        1    0.004    0.004    0.006    0.006 __init__.py:38(<module>)
       93    0.004    0.000    0.008    0.000 arrayprint.py:547(fillFormat)
        1    0.003    0.003    0.004    0.004 npyio.py:1(<module>)
        1    0.003    0.003    0.004    0.004 result.py:1(<module>)
        1    0.003    0.003    0.011    0.011 tempfile.py:18(<module>)
        1    0.003    0.003    0.004    0.004 collections.py:1(<module>)
        1    0.003    0.003    0.034    0.034 __init__.py:7(<module>)
        5    0.003    0.001    0.003    0.001 collections.py:288(namedtuple)
        2    0.003    0.001    0.003    0.002 function_base.py:1(<module>)
        1    0.003    0.003    0.007    0.007 index_tricks.py:1(<module>)
        1    0.003    0.003    0.004    0.004 case.py:1(<module>)
     1238    0.002    0.000    0.005    0.000 numeric.py:2428(seterr)
        1    0.002    0.002    0.003    0.003 __init__.py:4(<module>)
      500    0.002    0.000    0.008    0.000 lstm.py:87(update_layer_weights)
        1    0.002    0.002    0.006    0.006 random.py:40(<module>)
    19/13    0.002    0.000    0.003    0.000 sre_parse.py:379(_parse)
     1238    0.002    0.000    0.002    0.000 numeric.py:2524(geterr)
        1    0.002    0.002    0.002    0.002 polynomial.py:55(<module>)
        1    0.002    0.002    0.002    0.002 io.py:34(<module>)
        1    0.002    0.002    0.003    0.003 numerictypes.py:82(<module>)
        1    0.001    0.001    0.002    0.002 arrayprint.py:5(<module>)
        1    0.001    0.001    0.004    0.004 ctypeslib.py:51(<module>)
        6    0.001    0.000    0.033    0.005 lstm.py:51(forward_across_time)
      261    0.001    0.000    0.001    0.000 {method 'reduce' of 'numpy.ufunc' objects}
        1    0.001    0.001    0.001    0.001 __init__.py:10(<module>)
        1    0.001    0.001    0.001    0.001 runner.py:1(<module>)
        1    0.001    0.001    0.091    0.091 type_check.py:3(<module>)
        1    0.001    0.001    0.001    0.001 heapq.py:31(<module>)
        1    0.001    0.001    0.001    0.001 __init__.py:3(<module>)
      501    0.001    0.000    0.001    0.000 lstm.py:388(to_weights_array)
      722    0.001    0.000    0.001    0.000 arrayprint.py:632(_digits)
     4354    0.001    0.000    0.001    0.000 {method 'rstrip' of 'str' objects}
       31    0.001    0.000    0.029    0.001 arrayprint.py:233(_array2string)
        1    0.001    0.001    0.002    0.002 main.py:1(<module>)
        1    0.001    0.001    0.001    0.001 linalg.py:10(<module>)
      555    0.001    0.000    0.001    0.000 arrayprint.py:457(_extendLine)
        1    0.001    0.001    0.001    0.001 fromnumeric.py:3(<module>)
     1239    0.001    0.000    0.001    0.000 {numpy.core.umath.seterrobj}
        6    0.001    0.000    0.033    0.006 lstm.py:91(eval_objective)
        1    0.001    0.001    0.120    0.120 add_newdocs.py:10(<module>)
      274    0.001    0.000    0.002    0.000 function_base.py:3251(add_newdoc)
        1    0.001    0.001    0.001    0.001 loader.py:1(<module>)
     1296    0.001    0.000    0.001    0.000 {getattr}
        1    0.001    0.001    0.002    0.002 core.py:21(<module>)
        1    0.001    0.001    0.003    0.003 polynomial.py:4(<module>)
      619    0.001    0.000    0.003    0.000 numeric.py:2813(__enter__)
      619    0.001    0.000    0.003    0.000 numeric.py:2818(__exit__)
      619    0.001    0.000    0.001    0.000 numeric.py:2809(__init__)
        1    0.001    0.001    0.003    0.003 _internal.py:6(<module>)
        1    0.001    0.001    0.001    0.001 shutil.py:5(<module>)
      274    0.000    0.000    0.000    0.000 {__import__}
     2478    0.000    0.000    0.000    0.000 {numpy.core.umath.geterrobj}
       16    0.000    0.000    0.001    0.000 abc.py:86(__new__)
      313    0.000    0.000    0.000    0.000 sre_parse.py:182(__next)
    40/13    0.000    0.000    0.001    0.000 sre_compile.py:32(_compile)
        1    0.000    0.000    0.000    0.000 fftpack.py:32(<module>)
       15    0.000    0.000    0.001    0.000 sre_compile.py:207(_optimize_charset)
        1    0.000    0.000    0.000    0.000 defmatrix.py:1(<module>)
    37/31    0.000    0.000    0.029    0.001 arrayprint.py:343(array2string)
       31    0.000    0.000    0.001    0.000 arrayprint.py:639(__init__)
       93    0.000    0.000    0.000    0.000 {method 'compress' of 'numpy.ndarray' objects}
       93    0.000    0.000    0.008    0.000 arrayprint.py:533(__init__)
        1    0.000    0.000    0.001    0.001 threading.py:1(<module>)
        1    0.000    0.000    0.000    0.000 polyutils.py:45(<module>)
      599    0.000    0.000    0.000    0.000 {max}
      966    0.000    0.000    0.000    0.000 {isinstance}
    61/34    0.000    0.000    0.000    0.000 sre_parse.py:140(getwidth)
      271    0.000    0.000    0.000    0.000 {method 'strip' of 'str' objects}
        4    0.000    0.000    0.000    0.000 sre_compile.py:258(_mk_bitmap)
        1    0.000    0.000    0.000    0.000 _iotools.py:3(<module>)
       31    0.000    0.000    0.029    0.001 numeric.py:1609(array_repr)
        1    0.000    0.000    0.000    0.000 core.py:2581(MaskedArray)
        1    0.000    0.000    0.000    0.000 arrayterator.py:9(<module>)
       31    0.000    0.000    0.005    0.000 arrayprint.py:700(__init__)
    20/15    0.000    0.000    0.000    0.000 abc.py:148(__subclasscheck__)
        1    0.000    0.000    0.000    0.000 _endian.py:4(<module>)
       31    0.000    0.000    0.000    0.000 _inspect.py:159(formatargspec)
        1    0.000    0.000    0.000    0.000 case.py:133(TestCase)
      269    0.000    0.000    0.000    0.000 sre_parse.py:201(get)
        3    0.000    0.000    0.000    0.000 numeric.py:351(extend_all)
       75    0.000    0.000    0.001    0.000 fromnumeric.py:1764(any)
        1    0.000    0.000    0.000    0.000 extras.py:10(<module>)
       15    0.000    0.000    0.005    0.000 re.py:226(_compile)
       63    0.000    0.000    0.000    0.000 {method 'format' of 'str' objects}
        1    0.000    0.000    0.000    0.000 numerictypes.py:305(_add_aliases)
        3    0.000    0.000    0.000    0.000 __init__.py:78(CFUNCTYPE)
      343    0.000    0.000    0.000    0.000 collections.py:329(<genexpr>)
       64    0.000    0.000    0.000    0.000 _weakrefset.py:36(__init__)
        1    0.000    0.000    0.000    0.000 suite.py:1(<module>)
        1    0.000    0.000    0.000    0.000 _datasource.py:35(<module>)
        1    0.000    0.000    0.000    0.000 records.py:36(<module>)
       19    0.000    0.000    0.000    0.000 nosetester.py:181(__init__)
       31    0.000    0.000    0.000    0.000 _inspect.py:61(getargs)
       13    0.000    0.000    0.003    0.000 sre_parse.py:675(parse)
      145    0.000    0.000    0.000    0.000 sre_parse.py:130(__getitem__)
       13    0.000    0.000    0.000    0.000 sre_compile.py:359(_compile_info)
        1    0.000    0.000    0.000    0.000 scimath.py:17(<module>)
       72    0.000    0.000    0.000    0.000 abc.py:89(<genexpr>)
        1    0.000    0.000    0.001    0.001 utils.py:1(<module>)
      625    0.000    0.000    0.000    0.000 {method 'pop' of 'dict' objects}
       75    0.000    0.000    0.001    0.000 {method 'any' of 'numpy.ndarray' objects}
       13    0.000    0.000    0.005    0.000 sre_compile.py:493(compile)
       75    0.000    0.000    0.000    0.000 numeric.py:464(asanyarray)
        9    0.000    0.000    0.000    0.000 {method 'cumsum' of 'numpy.ndarray' objects}
        1    0.000    0.000    0.000    0.000 defchararray.py:17(<module>)
        1    0.000    0.000    0.000    0.000 signals.py:1(<module>)
      271    0.000    0.000    0.000    0.000 {numpy.lib._compiled_base.add_docstring}
      512    0.000    0.000    0.000    0.000 {chr}
       26    0.000    0.000    0.000    0.000 numerictypes.py:233(bitname)
       57    0.000    0.000    0.000    0.000 {method 'join' of 'str' objects}
        1    0.000    0.000    0.000    0.000 activations.py:1(<module>)
        1    0.000    0.000    0.000    0.000 getlimits.py:3(<module>)
  209/181    0.000    0.000    0.000    0.000 {issubclass}
       21    0.000    0.000    0.000    0.000 {numpy.core.multiarray.empty}
       27    0.000    0.000    0.000    0.000 core.py:829(__init__)
        1    0.000    0.000    0.000    0.000 contextlib.py:1(<module>)
       31    0.000    0.000    0.000    0.000 arrayprint.py:689(__init__)
       19    0.000    0.000    0.000    0.000 posixpath.py:127(dirname)
        1    0.000    0.000    0.000    0.000 memmap.py:1(<module>)
       12    0.000    0.000    0.000    0.000 ctypeslib.py:303(prep_simple)
        2    0.000    0.000    0.000    0.000 {_ctypes.POINTER}
        1    0.000    0.000    0.000    0.000 _import_tools.py:1(<module>)
       31    0.000    0.000    0.000    0.000 arrayprint.py:716(__init__)
       40    0.000    0.000    0.001    0.000 core.py:109(get_object_signature)
       23    0.000    0.000    0.000    0.000 core.py:6063(getdoc)
       33    0.000    0.000    0.000    0.000 {all}
      137    0.000    0.000    0.000    0.000 sre_parse.py:138(append)
        1    0.000    0.000    0.000    0.000 nosetester.py:6(<module>)
       49    0.000    0.000    0.000    0.000 abc.py:15(abstractmethod)
       31    0.000    0.000    0.000    0.000 fromnumeric.py:1283(ravel)
        1    0.000    0.000    0.001    0.001 difflib.py:29(<module>)
        1    0.000    0.000    0.000    0.000 stride_tricks.py:7(<module>)
       15    0.000    0.000    0.001    0.000 sre_compile.py:178(_compile_charset)
      155    0.000    0.000    0.000    0.000 {min}
        1    0.000    0.000    0.000    0.000 machar.py:7(<module>)
       40    0.000    0.000    0.000    0.000 _inspect.py:120(getargspec)
        1    0.000    0.000    0.000    0.000 __init__.py:265(_reset_cache)
        1    0.000    0.000    0.000    0.000 objective.py:1(<module>)
        1    0.000    0.000    0.000    0.000 laguerre.py:59(<module>)
    19/13    0.000    0.000    0.003    0.000 sre_parse.py:301(_parse_sub)
        2    0.000    0.000    0.000    0.000 shape_base.py:1(<module>)
      114    0.000    0.000    0.000    0.000 sre_parse.py:195(match)
       43    0.000    0.000    0.000    0.000 _weakrefset.py:58(__iter__)
        3    0.000    0.000    0.000    0.000 __init__.py:493(PYFUNCTYPE)
        1    0.000    0.000    0.000    0.000 hermite.py:59(<module>)
        1    0.000    0.000    0.000    0.000 numerictypes.py:346(_add_integer_aliases)
       40    0.000    0.000    0.000    0.000 {posix.putenv}
        1    0.000    0.000    0.000    0.000 chebyshev.py:87(<module>)
       30    0.000    0.000    0.000    0.000 arrayprint.py:652(__call__)
       31    0.000    0.000    0.000    0.000 {_functools.reduce}
        4    0.000    0.000    0.002    0.001 warnings.py:45(filterwarnings)
       14    0.000    0.000    0.000    0.000 __init__.py:147(_check_size)
       74    0.000    0.000    0.000    0.000 _inspect.py:152(strseq)
       75    0.000    0.000    0.001    0.000 _methods.py:37(_any)
        1    0.000    0.000    0.000    0.000 legendre.py:83(<module>)
       13    0.000    0.000    0.002    0.000 sre_compile.py:478(_code)
        1    0.000    0.000    0.000    0.000 hermite_e.py:59(<module>)
        1    0.000    0.000    0.001    0.001 numbers.py:6(<module>)
       21    0.000    0.000    0.000    0.000 numerictypes.py:220(_evalname)
        1    0.000    0.000    0.000    0.000 {posix.urandom}
       30    0.000    0.000    0.000    0.000 numerictypes.py:451(_add_array_type)
        1    0.000    0.000    0.000    0.000 _polybase.py:8(<module>)
       93    0.000    0.000    0.000    0.000 arrayprint.py:661(__init__)
        1    0.000    0.000    0.001    0.001 util.py:1(<module>)
      103    0.000    0.000    0.000    0.000 {_sre.getlower}
        5    0.000    0.000    0.000    0.000 getlimits.py:244(__init__)
        1    0.000    0.000    0.000    0.000 twodim_base.py:3(<module>)
        1    0.000    0.000    0.000    0.000 numerictypes.py:289(_add_types)
       85    0.000    0.000    0.000    0.000 sre_parse.py:126(__len__)
       40    0.000    0.000    0.000    0.000 sre_parse.py:90(__init__)
       28    0.000    0.000    0.000    0.000 {numpy.core._dotblas.dot}
       15    0.000    0.000    0.000    0.000 abc.py:105(register)
        1    0.000    0.000    0.000    0.000 format.py:136(<module>)
       18    0.000    0.000    0.000    0.000 core.py:908(__init__)
      145    0.000    0.000    0.000    0.000 {method 'startswith' of 'str' objects}
       21    0.000    0.000    0.000    0.000 sre_compile.py:354(_simple)
      347    0.000    0.000    0.000    0.000 {globals}
        1    0.000    0.000    0.000    0.000 numerictypes.py:788(_construct_lookups)
        1    0.000    0.000    0.000    0.000 __init__.py:349(__init__)
       31    0.000    0.000    0.000    0.000 {method 'items' of 'dict' objects}
        9    0.000    0.000    0.000    0.000 {method 'uniform' of 'mtrand.RandomState' objects}
       40    0.000    0.000    0.000    0.000 {posix.unsetenv}
       13    0.000    0.000    0.000    0.000 {_sre.compile}
       72    0.000    0.000    0.000    0.000 numerictypes.py:131(english_lower)
        5    0.000    0.000    0.000    0.000 functools.py:17(update_wrapper)
       48    0.000    0.000    0.000    0.000 {repr}
       33    0.000    0.000    0.000    0.000 collections.py:353(<genexpr>)
        1    0.000    0.000    0.000    0.000 defchararray.py:1668(chararray)
       40    0.000    0.000    0.000    0.000 _inspect.py:15(ismethod)
      139    0.000    0.000    0.000    0.000 {method 'add' of 'set' objects}
        1    0.000    0.000    0.000    0.000 _methods.py:5(<module>)
        1    0.000    0.000    0.000    0.000 _polybase.py:19(ABCPolyBase)
        1    0.000    0.000    0.000    0.000 nanfunctions.py:16(<module>)
       26    0.000    0.000    0.000    0.000 sre_compile.py:472(isstring)
       20    0.000    0.000    0.000    0.000 _weakrefset.py:26(__exit__)
        2    0.000    0.000    0.000    0.000 utils.py:69(__call__)
        1    0.000    0.000    0.000    0.000 pprint.py:35(<module>)
       23    0.000    0.000    0.001    0.000 core.py:6058(__init__)
        1    0.000    0.000    0.000    0.000 numerictypes.py:459(_set_array_types)
        1    0.000    0.000    0.000    0.000 arraypad.py:5(<module>)
       35    0.000    0.000    0.000    0.000 _weakrefset.py:81(add)
       78    0.000    0.000    0.000    0.000 {method 'get' of 'dict' objects}
      310    0.000    0.000    0.000    0.000 {method 'isalnum' of 'str' objects}
       40    0.000    0.000    0.000    0.000 os.py:470(__setitem__)
       40    0.000    0.000    0.000    0.000 numerictypes.py:158(english_upper)
       43    0.000    0.000    0.000    0.000 _inspect.py:163(<lambda>)
        1    0.000    0.000    0.000    0.000 <string>:1(<module>)
        1    0.000    0.000    0.000    0.000 _iotools.py:468(StringConverter)
        6    0.000    0.000    0.000    0.000 core.py:1054(__init__)
       40    0.000    0.000    0.000    0.000 _inspect.py:26(isfunction)
        1    0.000    0.000    0.000    0.000 threading.py:640(Thread)
        1    0.000    0.000    0.000    0.000 os.py:504(copy)
        1    0.000    0.000    0.000    0.000 os.py:497(clear)
        1    0.000    0.000    0.000    0.000 decorators.py:15(<module>)
      147    0.000    0.000    0.000    0.000 {ord}
       11    0.000    0.000    0.000    0.000 sre_parse.py:257(_escape)
       33    0.000    0.000    0.000    0.000 collections.py:355(<genexpr>)
        1    0.000    0.000    0.000    0.000 StringIO.py:30(<module>)
        1    0.000    0.000    0.000    0.000 __future__.py:48(<module>)
        9    0.000    0.000    0.000    0.000 extras.py:245(getdoc)
      112    0.000    0.000    0.000    0.000 {method 'translate' of 'str' objects}
        1    0.000    0.000    0.000    0.000 info.py:84(<module>)
        1    0.000    0.000    0.000    0.000 linalg.py:76(_determine_error_states)
       13    0.000    0.000    0.000    0.000 sre_parse.py:178(__init__)
        1    0.000    0.000    0.000    0.000 numerictypes.py:436(_construct_char_code_lookup)
        1    0.000    0.000    0.000    0.000 _inspect.py:7(<module>)
        8    0.000    0.000    0.000    0.000 core.py:7290(getdoc)
        1    0.000    0.000    0.000    0.000 helper.py:4(<module>)
       15    0.000    0.000    0.005    0.000 re.py:188(compile)
        1    0.000    0.000    0.000    0.000 arraysetops.py:26(<module>)
        1    0.000    0.000    0.000    0.000 os.py:473(update)
       59    0.000    0.000    0.000    0.000 arrayprint.py:32(product)
       31    0.000    0.000    0.000    0.000 arrayprint.py:744(__init__)
        1    0.000    0.000    0.000    0.000 tempfile.py:501(SpooledTemporaryFile)
        2    0.000    0.000    0.000    0.000 threading.py:259(__init__)
        2    0.000    0.000    0.000    0.000 utils.py:113(deprecate)
        1    0.000    0.000    0.000    0.000 <string>:1(ForwardIntermediate)
       13    0.000    0.000    0.000    0.000 sre_parse.py:67(__init__)
       20    0.000    0.000    0.000    0.000 _weakrefset.py:20(__enter__)
        1    0.000    0.000    0.000    0.000 defmatrix.py:206(matrix)
        1    0.000    0.000    0.000    0.000 random.py:72(Random)
        1    0.000    0.000    0.000    0.000 _version.py:7(<module>)
       38    0.000    0.000    0.000    0.000 UserDict.py:18(__getitem__)
       31    0.000    0.000    0.000    0.000 _inspect.py:39(iscode)
       20    0.000    0.000    0.000    0.000 {method 'keys' of 'dict' objects}
        1    0.000    0.000    0.000    0.000 random.py:100(seed)
        1    0.000    0.000    0.000    0.000 traceback.py:1(<module>)
       20    0.000    0.000    0.000    0.000 {method 'extend' of 'list' objects}
        1    0.000    0.000    0.000    0.000 collections.py:26(OrderedDict)
        1    0.000    0.000    0.000    0.000 {posix.uname}
        1    0.000    0.000    0.000    0.000 py3k.py:4(<module>)
        4    0.000    0.000    0.000    0.000 sre_parse.py:216(isname)
        1    0.000    0.000    0.000    0.000 numbers.py:34(Complex)
       15    0.000    0.000    0.000    0.000 sre_compile.py:51(fixup)
        1    0.000    0.000    0.000    0.000 ufunclike.py:5(<module>)
        5    0.000    0.000    0.000    0.000 {map}
        5    0.000    0.000    0.000    0.000 functools.py:39(wraps)
       18    0.000    0.000    0.000    0.000 {_struct.calcsize}
        1    0.000    0.000    0.000    0.000 numerictypes.py:387(_set_up_aliases)
       24    0.000    0.000    0.000    0.000 _weakrefset.py:68(__contains__)
        1    0.000    0.000    0.000    0.000 lstm.py:141(__init__)
        1    0.000    0.000    0.000    0.000 _internal.py:196(_getintp_ctype)
        1    0.000    0.000    0.000    0.000 keyword.py:11(<module>)
       11    0.000    0.000    0.000    0.000 {method 'update' of 'dict' objects}
        1    0.000    0.000    0.000    0.000 financial.py:10(<module>)
        9    0.000    0.000    0.000    0.000 core.py:2428(__init__)
        1    0.000    0.000    0.000    0.000 result.py:26(TestResult)
        1    0.000    0.000    0.000    0.000 threading.py:656(__init__)
        1    0.000    0.000    0.000    0.000 info.py:176(<module>)
        1    0.000    0.000    0.000    0.000 polynomial.py:933(poly1d)
        1    0.000    0.000    0.000    0.000 info.py:34(<module>)
        1    0.000    0.000    0.000    0.000 fnmatch.py:11(<module>)
       19    0.000    0.000    0.000    0.000 {method 'rfind' of 'str' objects}
        9    0.000    0.000    0.000    0.000 core.py:2434(getdoc)
        2    0.000    0.000    0.000    0.000 getlimits.py:269(max)
        9    0.000    0.000    0.000    0.000 fromnumeric.py:1917(cumsum)
       24    0.000    0.000    0.000    0.000 {sys._getframe}
       10    0.000    0.000    0.000    0.000 {method 'replace' of 'str' objects}
        1    0.000    0.000    0.000    0.000 <string>:1(BackIntermediate)
        6    0.000    0.000    0.000    0.000 hashlib.py:94(__get_openssl_constructor)
        1    0.000    0.000    0.000    0.000 <string>:1(Mismatch)
        1    0.000    0.000    0.000    0.000 {function seed at 0x1022bbf50}
        6    0.000    0.000    0.000    0.000 numeric.py:1681(array_str)
        8    0.000    0.000    0.000    0.000 core.py:7285(__init__)
        2    0.000    0.000    0.000    0.000 contextlib.py:54(contextmanager)
        1    0.000    0.000    0.000    0.000 <string>:1(Match)
       20    0.000    0.000    0.000    0.000 _weakrefset.py:16(__init__)
        3    0.000    0.000    0.000    0.000 result.py:14(failfast)
        9    0.000    0.000    0.000    0.000 extras.py:241(__init__)
       20    0.000    0.000    0.000    0.000 _weakrefset.py:52(_commit_removals)
       50    0.000    0.000    0.000    0.000 {_ctypes.sizeof}
        2    0.000    0.000    0.000    0.000 {math.log}
        1    0.000    0.000    0.000    0.000 extras.py:1476(__init__)
        6    0.000    0.000    0.000    0.000 {method 'split' of 'str' objects}
        1    0.000    0.000    0.000    0.000 info.py:83(<module>)
        1    0.000    0.000    0.000    0.000 hermite.py:1750(Hermite)
        1    0.000    0.000    0.000    0.000 chebyshev.py:2017(Chebyshev)
        1    0.000    0.000    0.000    0.000 _iotools.py:248(NameValidator)
        1    0.000    0.000    0.000    0.000 loader.py:38(TestLoader)
        1    0.000    0.000    0.000    0.000 info.py:147(<module>)
        1    0.000    0.000    0.000    0.000 _internal.py:224(_ctypes)
        1    0.000    0.000    0.000    0.000 collections.py:387(Counter)
       33    0.000    0.000    0.000    0.000 {method '__contains__' of 'frozenset' objects}
        1    0.000    0.000    0.000    0.000 arrayterator.py:20(Arrayterator)
        1    0.000    0.000    0.000    0.000 laguerre.py:1742(Laguerre)
        1    0.000    0.000    0.000    0.000 numbers.py:295(Integral)
        5    0.000    0.000    0.000    0.000 sre_parse.py:72(opengroup)
        2    0.000    0.000    0.000    0.000 {numpy.core.multiarray.set_string_function}
        1    0.000    0.000    0.000    0.000 hermite_e.py:1747(HermiteE)
        1    0.000    0.000    0.000    0.000 memmap.py:23(memmap)
        1    0.000    0.000    0.000    0.000 threading.py:124(_RLock)
        1    0.000    0.000    0.000    0.000 polynomial.py:1493(Polynomial)
        1    0.000    0.000    0.000    0.000 threading.py:1090(__init__)
        1    0.000    0.000    0.000    0.000 <string>:1(ForwardIntermediateForgetB)
       24    0.000    0.000    0.000    0.000 sre_parse.py:210(isident)
        1    0.000    0.000    0.000    0.000 legendre.py:1770(Legendre)
        3    0.000    0.000    0.000    0.000 index_tricks.py:242(__init__)
        1    0.000    0.000    0.000    0.000 core.py:5827(MaskedConstant)
        1    0.000    0.000    0.000    0.000 threading.py:575(set)
        1    0.000    0.000    0.000    0.000 numbers.py:169(Real)
        1    0.000    0.000    0.000    0.000 _version.py:18(NumpyVersion)
        1    0.000    0.000    0.000    0.000 warnings.py:74(simplefilter)
        1    0.000    0.000    0.000    0.000 {math.exp}
        4    0.000    0.000    0.000    0.000 core.py:92(doc_note)
        7    0.000    0.000    0.000    0.000 {hasattr}
       20    0.000    0.000    0.000    0.000 {method 'remove' of 'set' objects}
        1    0.000    0.000    0.000    0.000 suite.py:16(BaseTestSuite)
       14    0.000    0.000    0.000    0.000 numerictypes.py:185(english_capitalize)
        1    0.000    0.000    0.000    0.000 __config__.py:3(<module>)
        1    0.000    0.000    0.000    0.000 index_tricks.py:447(__init__)
        1    0.000    0.000    0.000    0.000 index_tricks.py:223(AxisConcatenator)
        1    0.000    0.000    0.000    0.000 getlimits.py:24(finfo)
        1    0.000    0.000    0.000    0.000 random.py:650(WichmannHill)
        1    0.000    0.000    0.000    0.000 core.py:756(_DomainTan)
        1    0.000    0.000    0.000    0.000 tempfile.py:108(_RandomNameSequence)
        1    0.000    0.000    0.000    0.000 core.py:5631(mvoid)
        1    0.000    0.000    0.000    0.000 getlimits.py:194(iinfo)
        1    0.000    0.000    0.000    0.000 lstm.py:173(init_dels)
        1    0.000    0.000    0.000    0.000 ctypeslib.py:150(_ndptr)
        1    0.000    0.000    0.000    0.000 threading.py:560(__init__)
       38    0.000    0.000    0.000    0.000 sre_compile.py:24(_identityfunction)
        1    0.000    0.000    0.000    0.000 {binascii.hexlify}
       15    0.000    0.000    0.000    0.000 {setattr}
       21    0.000    0.000    0.000    0.000 sre_parse.py:134(__setitem__)
        1    0.000    0.000    0.000    0.000 extras.py:1546(__init__)
        1    0.000    0.000    0.000    0.000 suite.py:252(_ErrorHolder)
        1    0.000    0.000    0.000    0.000 numerictypes.py:964(_register_types)
        1    0.000    0.000    0.000    0.000 core.py:2399(_arraymethod)
        1    0.000    0.000    0.000    0.000 core.py:5833(__new__)
       20    0.000    0.000    0.000    0.000 {method '__subclasses__' of 'type' objects}
        4    0.000    0.000    0.000    0.000 threading.py:58(__init__)
        1    0.000    0.000    0.000    0.000 threading.py:551(_Event)
        1    0.000    0.000    0.000    0.000 signals.py:9(_InterruptHandler)
       33    0.000    0.000    0.000    0.000 {method 'isdigit' of 'str' objects}
        1    0.000    0.000    0.000    0.000 lstm.py:135(LSTMLayerWeights)
        1    0.000    0.000    0.000    0.000 warnings.py:339(__enter__)
        1    0.000    0.000    0.000    0.000 _iotools.py:152(LineSplitter)
        1    0.000    0.000    0.000    0.000 runner.py:28(TextTestResult)
        1    0.000    0.000    0.000    0.000 utils.py:1513(WarningManager)
        1    0.000    0.000    0.000    0.000 threading.py:399(notifyAll)
        1    0.000    0.000    0.000    0.000 tempfile.py:372(_TemporaryFileWrapper)
        1    0.000    0.000    0.000    0.000 npyio.py:133(NpzFile)
        1    0.000    0.000    0.000    0.000 copy_reg.py:14(pickle)
        1    0.000    0.000    0.000    0.000 main.py:63(TestProgram)
        1    0.000    0.000    0.000    0.000 {_hashlib.openssl_md5}
        1    0.000    0.000    0.000    0.000 warnings.py:318(__init__)
        1    0.000    0.000    0.000    0.000 difflib.py:1672(HtmlDiff)
        2    0.000    0.000    0.000    0.000 activations.py:22(__init__)
        5    0.000    0.000    0.000    0.000 {method 'insert' of 'list' objects}
        1    0.000    0.000    0.000    0.000 __init__.py:332(CDLL)
        1    0.000    0.000    0.000    0.000 random.py:800(SystemRandom)
        2    0.000    0.000    0.000    0.000 utils.py:64(__init__)
        1    0.000    0.000    0.000    0.000 _datasource.py:504(Repository)
        1    0.000    0.000    0.000    0.000 weakref.py:243(__init__)
        1    0.000    0.000    0.000    0.000 numbers.py:270(Rational)
        1    0.000    0.000    0.000    0.000 pprint.py:84(PrettyPrinter)
       20    0.000    0.000    0.000    0.000 {method '__subclasshook__' of 'object' objects}
        1    0.000    0.000    0.000    0.000 utils.py:998(SafeEval)
        4    0.000    0.000    0.000    0.000 {thread.allocate_lock}
        1    0.000    0.000    0.000    0.000 _iotools.py:448(ConverterLockError)
        2    0.000    0.000    0.000    0.000 threading.py:241(Condition)
        1    0.000    0.000    0.000    0.000 threading.py:1128(_DummyThread)
        1    0.000    0.000    0.000    0.000 index_tricks.py:470(__init__)
        1    0.000    0.000    0.000    0.000 _import_tools.py:8(PackageLoader)
        1    0.000    0.000    0.000    0.000 StringIO.py:42(StringIO)
        4    0.000    0.000    0.000    0.000 core.py:2441(__get__)
        1    0.000    0.000    0.000    0.000 threading.py:372(notify)
        1    0.000    0.000    0.000    0.000 records.py:285(recarray)
        1    0.000    0.000    0.000    0.000 case.py:1018(FunctionTestCase)
        3    0.000    0.000    0.000    0.000 __init__.py:104(CFunctionType)
        1    0.000    0.000    0.000    0.000 __init__.py:260(c_bool)
        5    0.000    0.000    0.000    0.000 sre_parse.py:83(closegroup)
        1    0.000    0.000    0.000    0.000 difflib.py:46(SequenceMatcher)
        1    0.000    0.000    0.000    0.000 nosetester.py:129(NoseTester)
        1    0.000    0.000    0.000    0.000 numeric.py:2824(_setdef)
        1    0.000    0.000    0.000    0.000 _endian.py:49(BigEndianStructure)
        2    0.000    0.000    0.000    0.000 numeric.py:1717(set_string_function)
        1    0.000    0.000    0.000    0.000 machar.py:17(MachAr)
        5    0.000    0.000    0.000    0.000 {method 'remove' of 'list' objects}
        1    0.000    0.000    0.000    0.000 {method 'find' of 'str' objects}
        1    0.000    0.000    0.000    0.000 contextlib.py:9(GeneratorContextManager)
        1    0.000    0.000    0.000    0.000 index_tricks.py:525(ndindex)
        1    0.000    0.000    0.000    0.000 records.py:84(format_parser)
        1    0.000    0.000    0.000    0.000 {method 'view' of 'numpy.ndarray' objects}
        1    0.000    0.000    0.000    0.000 version.py:3(<module>)
        1    0.000    0.000    0.000    0.000 polyutils.py:58(RankWarning)
        1    0.000    0.000    0.000    0.000 _datasource.py:74(__init__)
        1    0.000    0.000    0.000    0.000 lstm.py:22(LSTMWeights)
        2    0.000    0.000    0.000    0.000 {method 'acquire' of 'thread.lock' objects}
        2    0.000    0.000    0.000    0.000 {method 'setter' of 'property' objects}
        1    0.000    0.000    0.000    0.000 runner.py:12(_WritelnDecorator)
        1    0.000    0.000    0.000    0.000 _datasource.py:50(_FileOpeners)
        3    0.000    0.000    0.000    0.000 __init__.py:494(CFunctionType)
        1    0.000    0.000    0.000    0.000 {_ctypes.set_conversion_mode}
        1    0.000    0.000    0.000    0.000 __future__.py:74(_Feature)
        1    0.000    0.000    0.000    0.000 core.py:6006(__init__)
        1    0.000    0.000    0.000    0.000 utils.py:1481(WarningMessage)
        1    0.000    0.000    0.000    0.000 index_tricks.py:475(ndenumerate)
        3    0.000    0.000    0.000    0.000 UserDict.py:70(__contains__)
        1    0.000    0.000    0.000    0.000 arrayprint.py:532(FloatFormat)
        1    0.000    0.000    0.000    0.000 threading.py:541(Event)
        1    0.000    0.000    0.000    0.000 lstm.py:40(LSTMNetwork)
        1    0.000    0.000    0.000    0.000 npyio.py:86(BagObj)
        1    0.000    0.000    0.000    0.000 numeric.py:2747(errstate)
        1    0.000    0.000    0.000    0.000 warnings.py:355(__exit__)
        1    0.000    0.000    0.000    0.000 core.py:889(_MaskedBinaryOperation)
        1    0.000    0.000    0.000    0.000 index_tricks.py:87(nd_grid)
        1    0.000    0.000    0.000    0.000 objective.py:22(Weights)
        1    0.000    0.000    0.000    0.000 threading.py:254(_Condition)
        1    0.000    0.000    0.000    0.000 copy_reg.py:27(constructor)
        1    0.000    0.000    0.000    0.000 suite.py:78(TestSuite)
        1    0.000    0.000    0.000    0.000 {zip}
        1    0.000    0.000    0.000    0.000 __init__.py:388(PyDLL)
        7    0.000    0.000    0.000    0.000 case.py:609(_deprecate)
        1    0.000    0.000    0.000    0.000 _datasource.py:154(DataSource)
        1    0.000    0.000    0.000    0.000 {_ctypes.dlopen}
        1    0.000    0.000    0.000    0.000 activations.py:38(Tanh)
        1    0.000    0.000    0.000    0.000 core.py:2468(MaskedIterator)
        1    0.000    0.000    0.000    0.000 objective.py:1(Objective)
        2    0.000    0.000    0.000    0.000 __init__.py:429(__init__)
        1    0.000    0.000    0.000    0.000 _internal.py:217(_missing_ctypes)
        1    0.000    0.000    0.000    0.000 core.py:5994(__init__)
        1    0.000    0.000    0.000    0.000 function_base.py:1529(vectorize)
        1    0.000    0.000    0.000    0.000 random.py:91(__init__)
        1    0.000    0.000    0.000    0.000 io.py:69(IOBase)
        2    0.000    0.000    0.000    0.000 index_tricks.py:148(__init__)
        1    0.000    0.000    0.000    0.000 UserDict.py:58(get)
        1    0.000    0.000    0.000    0.000 extras.py:1530(mr_class)
        1    0.000    0.000    0.000    0.000 numbers.py:13(Number)
        1    0.000    0.000    0.000    0.000 contextlib.py:132(closing)
        1    0.000    0.000    0.000    0.000 {numpy.core.multiarray.set_typeDict}
        1    0.000    0.000    0.000    0.000 stride_tricks.py:14(DummyArray)
        1    0.000    0.000    0.000    0.000 threading.py:299(_is_owned)
        1    0.000    0.000    0.000    0.000 shutil.py:38(ExecError)
        1    0.000    0.000    0.000    0.000 {_hashlib.openssl_sha1}
        1    0.000    0.000    0.000    0.000 __init__.py:291(c_wchar_p)
        1    0.000    0.000    0.000    0.000 __init__.py:243(c_char_p)
        1    0.000    0.000    0.000    0.000 core.py:6048(_frommethod)
        1    0.000    0.000    0.000    0.000 arrayprint.py:658(LongFloatFormat)
        1    0.000    0.000    0.000    0.000 arrayprint.py:688(LongComplexFormat)
        1    0.000    0.000    0.000    0.000 arrayprint.py:715(DatetimeFormat)
        1    0.000    0.000    0.000    0.000 activations.py:39(__init__)
        1    0.000    0.000    0.000    0.000 threading.py:1088(_MainThread)
        1    0.000    0.000    0.000    0.000 case.py:45(_UnexpectedSuccess)
        1    0.000    0.000    0.000    0.000 {_hashlib.openssl_sha224}
        3    0.000    0.000    0.000    0.000 core.py:742(__init__)
        1    0.000    0.000    0.000    0.000 utils.py:52(_Deprecate)
        1    0.000    0.000    0.000    0.000 core.py:6004(_maximum_operation)
        1    0.000    0.000    0.000    0.000 __init__.py:428(LibraryLoader)
        1    0.000    0.000    0.000    0.000 core.py:5836(__array_finalize__)
        1    0.000    0.000    0.000    0.000 core.py:812(_MaskedUnaryOperation)
        1    0.000    0.000    0.000    0.000 threading.py:56(_Verbose)
        1    0.000    0.000    0.000    0.000 threading.py:789(_set_ident)
        1    0.000    0.000    0.000    0.000 arrayprint.py:699(ComplexFormat)
        2    0.000    0.000    0.000    0.000 {method 'clear' of 'dict' objects}
        1    0.000    0.000    0.000    0.000 core.py:2250(_MaskedPrintOption)
        1    0.000    0.000    0.000    0.000 extras.py:224(_fromnxfunction)
        1    0.000    0.000    0.000    0.000 polyutils.py:66(PolyDomainError)
        1    0.000    0.000    0.000    0.000 core.py:789(_DomainGreater)
        1    0.000    0.000    0.000    0.000 polyutils.py:62(PolyError)
        1    0.000    0.000    0.000    0.000 core.py:772(_DomainSafeDivide)
        1    0.000    0.000    0.000    0.000 __init__.py:233(c_byte)
        1    0.000    0.000    0.000    0.000 runner.py:119(TextTestRunner)
        1    0.000    0.000    0.000    0.000 UserDict.py:39(keys)
        1    0.000    0.000    0.000    0.000 activations.py:4(Activation)
        1    0.000    0.000    0.000    0.000 case.py:98(_AssertRaisesContext)
        1    0.000    0.000    0.000    0.000 index_tricks.py:352(RClass)
        1    0.000    0.000    0.000    0.000 core.py:7273(_convert2ma)
        1    0.000    0.000    0.000    0.000 lstm.py:9(LSTMObjective)
        1    0.000    0.000    0.000    0.000 __init__.py:159(py_object)
        2    0.000    0.000    0.000    0.000 utils.py:47(_set_function_name)
        1    0.000    0.000    0.000    0.000 core.py:801(_DomainGreaterEqual)
        1    0.000    0.000    0.000    0.000 _iotools.py:455(ConversionWarning)
        1    0.000    0.000    0.000    0.000 records.py:215(record)
        1    0.000    0.000    0.000    0.000 linalg.py:43(LinAlgError)
        1    0.000    0.000    0.000    0.000 index_tricks.py:603(IndexExpression)
        6    0.000    0.000    0.000    0.000 {method 'item' of 'numpy.ndarray' objects}
        1    0.000    0.000    0.000    0.000 _inspect.py:162(<lambda>)
        1    0.000    0.000    0.000    0.000 activations.py:21(Logistic)
        1    0.000    0.000    0.000    0.000 core.py:5937(_extrema_operation)
        2    0.000    0.000    0.000    0.000 core.py:803(__init__)
        1    0.000    0.000    0.000    0.000 numeric.py:2743(_unspecified)
        1    0.000    0.000    0.000    0.000 __init__.py:124(VisibleDeprecationWarning)
        7    0.000    0.000    0.000    0.000 __future__.py:75(__init__)
        1    0.000    0.000    0.000    0.000 numeric.py:52(ComplexWarning)
        1    0.000    0.000    0.000    0.000 difflib.py:766(Differ)
        1    0.000    0.000    0.000    0.000 __init__.py:193(c_uint)
        1    0.000    0.000    0.000    0.000 threading.py:1058(_Timer)
        1    0.000    0.000    0.000    0.000 core.py:734(_DomainCheckInterval)
        1    0.000    0.000    0.000    0.000 __init__.py:255(c_void_p)
        1    0.000    0.000    0.000    0.000 __init__.py:201(c_double)
        1    0.000    0.000    0.000    0.000 threading.py:422(_Semaphore)
        1    0.000    0.000    0.000    0.000 __init__.py:359(_FuncPtr)
        1    0.000    0.000    0.000    0.000 _endian.py:26(_swapped_meta)
        2    0.000    0.000    0.000    0.000 index_tricks.py:647(__init__)
        1    0.000    0.000    0.000    0.000 arrayprint.py:638(IntegerFormat)
        1    0.000    0.000    0.000    0.000 lstm.py:41(__init__)
        1    0.000    0.000    0.000    0.000 {_hashlib.openssl_sha384}
        1    0.000    0.000    0.000    0.000 core.py:1034(_DomainedBinaryOperation)
        1    0.000    0.000    0.000    0.000 __init__.py:176(c_long)
        1    0.000    0.000    0.000    0.000 shutil.py:31(Error)
        2    0.000    0.000    0.000    0.000 sre_parse.py:213(isdigit)
        1    0.000    0.000    0.000    0.000 core.py:128(MAError)
        1    0.000    0.000    0.000    0.000 threading.py:514(_BoundedSemaphore)
        3    0.000    0.000    0.000    0.000 _inspect.py:161(<lambda>)
        1    0.000    0.000    0.000    0.000 case.py:34(_ExpectedFailure)
        1    0.000    0.000    0.000    0.000 arrayprint.py:743(TimedeltaFormat)
        1    0.000    0.000    0.000    0.000 _import_tools.py:336(PackageLoaderDebug)
        1    0.000    0.000    0.000    0.000 index_tricks.py:452(CClass)
        1    0.000    0.000    0.000    0.000 core.py:131(MaskError)
        1    0.000    0.000    0.000    0.000 utils.py:1701(IgnoreException)
        3    0.000    0.000    0.000    0.000 activations.py:5(__init__)
        1    0.000    0.000    0.000    0.000 numerictypes.py:773(_typedict)
        1    0.000    0.000    0.000    0.000 __init__.py:294(c_wchar)
        1    0.000    0.000    0.000    0.000 io.py:75(BufferedIOBase)
        1    0.000    0.000    0.000    0.000 __init__.py:226(c_ubyte)
        1    0.000    0.000    0.000    0.000 case.py:25(SkipTest)
        1    0.000    0.000    0.000    0.000 polynomial.py:21(RankWarning)
        1    0.000    0.000    0.000    0.000 io.py:78(TextIOBase)
        1    0.000    0.000    0.000    0.000 shutil.py:34(SpecialFileError)
        1    0.000    0.000    0.000    0.000 __init__.py:172(c_ushort)
        1    0.000    0.000    0.000    0.000 polyutils.py:79(PolyBase)
        1    0.000    0.000    0.000    0.000 __init__.py:112(ModuleDeprecationWarning)
        1    0.000    0.000    0.000    0.000 {_hashlib.openssl_sha256}
        2    0.000    0.000    0.000    0.000 {thread.get_ident}
        6    0.000    0.000    0.000    0.000 core.py:774(__init__)
        3    0.000    0.000    0.000    0.000 core.py:791(__init__)
        1    0.000    0.000    0.000    0.000 io.py:72(RawIOBase)
        1    0.000    0.000    0.000    0.000 __init__.py:168(c_short)
        1    0.000    0.000    0.000    0.000 {method 'release' of 'thread.lock' objects}
        1    0.000    0.000    0.000    0.000 threading.py:63(_note)
        1    0.000    0.000    0.000    0.000 {math.sqrt}
        1    0.000    0.000    0.000    0.000 extras.py:1464(MAxisConcatenator)
        1    0.000    0.000    0.000    0.000 core.py:2255(__init__)
        1    0.000    0.000    0.000    0.000 __init__.py:189(c_int)
        1    0.000    0.000    0.000    0.000 __init__.py:238(c_char)
        1    0.000    0.000    0.000    0.000 core.py:762(__init__)
        1    0.000    0.000    0.000    0.000 __init__.py:205(c_longdouble)
        1    0.000    0.000    0.000    0.000 __init__.py:180(c_ulong)
        1    0.000    0.000    0.000    0.000 core.py:5992(_minimum_operation)
        1    0.000    0.000    0.000    0.000 {_hashlib.openssl_sha512}
        1    0.000    0.000    0.000    0.000 __init__.py:197(c_float)
        1    0.000    0.000    0.000    0.000 threading.py:1097(_set_daemon)
        1    0.000    0.000    0.000    0.000 _iotools.py:441(ConverterError)
        1    0.000    0.000    0.000    0.000 suite.py:299(_DebugResult)
        1    0.000    0.000    0.000    0.000 {method 'disable' of '_lsprof.Profiler' objects}


